CPU Versions:
-------------
.052, .073, .190, .001, .058, 
.053, .073, .189, .001, .059, 
.053, .073, .195, .001, .059, 
.053, .076, .190, .001, .060, 
.053, .073, .190, .001, .059, 
.053, .072, .189, .001, .059, 
.053, .072, .189, .001, .059, 
.053, .073, .189, .001, .059, 
.053, .072, .188, .001, .059, 
.053, .072, .190, .001, .059, 

GPU Versions:
-------------
.278, .256, .330, .001, .255, 
.249, .257, .330, .001, .244, 
.237, .268, .316, .001, .240, 
.238, .252, .319, .001, .240, 
.238, .263, .325, .001, .240, 
.239, .268, .322, .001, .253, 
.228, .257, .317, .001, .226, 
.190, .242, .301, .001, .195, 
.190, .195, .268, .001, .193, 
.192, .204, .293, .001, .243, 




CPU Versions:
-------------
.053, .073, .191, .001, .059, 
.053, .073, .194, .001, .060, 
.054, .073, .198, .001, .063, 
.053, .072, .196, .001, .060, 
.052, .073, .200, .001, .059, 
.053, .072, .196, .001, .059, 
.052, .072, .192, .001, .059, 
.053, .073, .190, .001, .059, 
.052, .073, .189, .001, .062, 
.053, .074, .191, .001, .059, 

GPU Versions:
-------------
.320, .249, .323, .001, .258, 
.242, .252, .325, .001, .255, 
.232, .249, .325, .001, .251, 
.234, .263, .330, .001, .247, 
.229, .249, .316, .001, .253, 
.269, .242, .339, .002, .239, 
.236, .253, .329, .001, .261, 
.233, .262, .327, .001, .237, 
.235, .243, .336, .001, .237, 
.244, .267, .327, .001, .245, 


Timing Examples - Thu Oct 16 05:04:24 PM PKT 2025
======================================

CPU Versions:
-------------
.286, .409, 18.622, .028, .313, 

GPU Versions:
-------------
.454, .481, 7.898, .028, .418, 


CPU Versions:
-------------
6.584, 9.675, 438.680, .028, 7.418, 

GPU Versions:
-------------
3.845, 6.074, 141.513, .029, 4.574, 


Timing Examples - Thu Oct 16 05:32:51 PM PKT 2025
======================================

CPU Versions:
-------------
.274, .397, 18.132, .028, .309, 
.273, .391, 18.034, .028, .308, 
.269, .389, 17.946, .028, .305, 
.271, .386, 17.879, .028, .305, 
.270, .388, 18.015, .028, .306, 

GPU Versions:
-------------
.462, .460, 7.835, .030, .410, 
.380, .481, 7.854, .029, .425, 
.383, .458, 7.930, .029, .415, 
.380, .470, 7.840, .029, .411, 
.370, .487, 8.540, .030, .401, 


No profile

Timing Examples - Thu Oct 16 05:37:37 PM PKT 2025
======================================

CPU Versions:
-------------
.274, .398, 17.929, .027, .307, 
.272, .389, 17.801, .027, .310, 
.271, .394, 17.766, .027, .307, 
.270, .388, 17.938, .028, .308, 
.270, .388, 17.960, .028, .317, 

GPU Versions:
-------------
.455, .469, 7.697, .028, .410, 
.390, .466, 7.729, .028, .413, 
.358, .449, 7.721, .028, .403, 
.364, .464, 7.869, .030, .400, 
.358, .474, 7.707, .028, .422, 